n=3 t*=1.0000 det=1.000000e+00
n=5 t*=1.0000 det=1.000000e+00
n=7 t*=1.0000 det=1.000000e+00
n=9 t*=1.0000 det=1.000000e+00
